q1      3058    2980    2972    2972
q2      304     207     199     199
q3      871     542     505     505
q4      788     351     345     345
q5      943     747     759     747
q6      124     132     117     117
q7      409     418     418     418
q8      559     406     420     406
q9      1513    1528    1295    1295
q10     977     832     853     832
q11     237     205     205     205
q12     264     207     214     207
q13     1174    1008    943     943
q14     258     229     233     229
q15     241     263     268     263
q16     374     354     354     354
q17     237     209     212     209
q18     3534    3505    3961    3505
q19     591     296     291     291
q20     287     290     288     288
q21     1047    1015    988     988
q22     1174    893     855     855